# run 19:
# covariance matrix:
0.020319261164752148 -5.914857888339971e-05 -3.432276714606268e-05 0.025531974567848285 -0.02703200911173671 -0.029735844333646778
-5.914857888339971e-05 2.416433424864127e-07 -2.1636421942821075e-08 -8.265879959127705e-05 9.58685664103513e-05 0.0001017575356474906
-3.432276714606268e-05 -2.1636421942821075e-08 3.084700188333153e-07 -5.351665141400892e-06 -1.0656967315915311e-05 4.812113294634809e-07
0.025531974567848285 -8.265879959127705e-05 -5.351665141400892e-06 0.3485984292705129 -0.1855336298106226 -0.20230972022494434
-0.02703200911173671 9.58685664103513e-05 -1.0656967315915311e-05 -0.1855336298106226 0.1484047470892148 0.11366215182949761
-0.029735844333646778 0.0001017575356474906 4.812113294634809e-07 -0.20230972022494434 0.11366215182949761 0.17722563020063323 
# means:
25.303255248010544
-0.07440076585640365
0.00095031335585224
19.834040345675696
26.51861009410434
28.294691177016947
