# run 22:
# covariance matrix:
0.013953197589386108 -3.9068356871971325e-05 -2.7900929738589567e-05 0.01507244708163769 0.03424848607731999 -0.040930496648086984
-3.9068356871971325e-05 1.6300468005533505e-07 -1.3168434478672356e-08 -4.7998931418257284e-05 -0.00012108549084095407 0.00013813500255390005
-2.7900929738589567e-05 -1.3168434478672356e-08 2.40256659325025e-07 -5.077077405877227e-06 1.2513354791729462e-05 4.789586120075738e-06
0.01507244708163769 -4.7998931418257284e-05 -5.077077405877227e-06 0.21732912923277975 0.23833054987629526 -0.2891155336249561
0.03424848607731999 -0.00012108549084095407 1.2513354791729462e-05 0.23833054987629526 0.40212960893401023 -0.33018464736253217
-0.040930496648086984 0.00013813500255390005 4.789586120075738e-06 -0.2891155336249561 -0.33018464736253217 0.5832193345465579 
# means:
18.91568672327407
-0.05249811843843391
-0.0013681191387647476
9.079707052278483
-24.620729206361514
28.776181536968885
