# run 24:
# covariance matrix:
0.008453649458653557 -2.108014561810043e-05 -2.4976629024353454e-05 0.03161517330002688 0.009208796640313101 -0.010125541313853665
-2.108014561810043e-05 9.647596421287304e-08 -7.798495081355622e-09 -0.00011711658154594352 -3.502258775504676e-05 3.926899921143828e-05
-2.4976629024353454e-05 -7.798495081355622e-09 2.053257594466778e-07 1.8154151912616007e-05 6.949271664121293e-06 -8.592268872687471e-06
0.03161517330002688 -0.00011711658154594352 1.8154151912616007e-05 3.4189729548160064 0.6865117186832004 -0.6875936853174354
0.009208796640313101 -3.502258775504676e-05 6.949271664121293e-06 0.6865117186832004 0.1656237327178806 -0.13341588429688953
-0.010125541313853665 3.926899921143828e-05 -8.592268872687471e-06 -0.6875936853174354 -0.13341588429688953 0.18409955186218846 
# means:
16.16116037431593
-0.043061342848208964
-0.0031638235185609013
21.466545310679834
-15.894397192323517
18.21038236404859
