# run 20:
# covariance matrix:
0.013535032515930504 -3.5839635242831096e-05 -3.417548957281024e-05 0.04322458031178609 -0.008504481233978577 -0.008698127401868077
-3.5839635242831096e-05 1.5912612543095577e-07 -1.6714386863666888e-08 -0.00016148146932432885 3.262252709537572e-05 3.359467555239044e-05
-3.417548957281024e-05 -1.6714386863666888e-08 2.944542446590963e-07 2.5927911495894917e-05 -6.761973777175056e-06 -6.604314295735661e-06
0.04322458031178609 -0.00016148146932432885 2.5927911495894917e-05 2.841575359967736 -0.37575035317471334 -0.327754425515528
-0.008504481233978577 3.262252709537572e-05 -6.761973777175056e-06 -0.37575035317471334 0.06096261296732708 0.041817543946438704
-0.008698127401868077 3.359467555239044e-05 -6.604314295735661e-06 -0.327754425515528 0.041817543946438704 0.054781057485492037 
# means:
24.197603076537867
-0.07082303892300436
-0.0006145145037985971
42.91175975074468
18.76644448164595
19.853804884512837
