# run 21:
# covariance matrix:
0.014053692574354569 -3.8705118748731696e-05 -3.1003509216488963e-05 0.024795527576678505 -0.020547597758253437 -0.022023395703367456
-3.8705118748731696e-05 1.6677652094639686e-07 -1.6169076080028025e-08 -8.57130272248394e-05 7.542179650980819e-05 7.92236719006217e-05
-3.1003509216488963e-05 -1.6169076080028025e-08 2.704368450642969e-07 3.8855419179964765e-06 -1.2007533204214678e-05 -6.673378081789748e-06
0.024795527576678505 -8.57130272248394e-05 3.8855419179964765e-06 0.608108993757841 -0.29761488859058216 -0.2889881438265254
-0.020547597758253437 7.542179650980819e-05 -1.2007533204214678e-05 -0.29761488859058216 0.19649264191580731 0.1408759098988414
-0.022023395703367456 7.92236719006217e-05 -6.673378081789748e-06 -0.2889881438265254 0.1408759098988414 0.2047762561853374 
# means:
21.130848416544644
-0.05969634756372692
-0.000549008999121208
16.843153887496214
22.50854229078021
24.13000060801242
