# run 18:
# covariance matrix:
0.022451776379166156 -6.55060251225214e-05 -3.727535003780942e-05 0.033185778391731965 -0.02325850207780178 -0.025090517979236743
-6.55060251225214e-05 2.6653368826573364e-07 -2.3779127324165896e-08 -0.00010913230085687587 8.273239186394077e-05 8.584913128208012e-05
-3.727535003780942e-05 -2.3779127324165896e-08 3.355072677567819e-07 -2.8589949789702147e-06 -9.742722835171136e-06 1.345149442955017e-07
0.033185778391731965 -0.00010913230085687587 -2.8589949789702147e-06 0.5012145469576992 -0.18601669070357765 -0.1956951783741421
-0.02325850207780178 8.273239186394077e-05 -9.742722835171136e-06 -0.18601669070357765 0.09920820994762246 0.07604998852066443
-0.025090517979236743 8.584913128208012e-05 1.345149442955017e-07 -0.1956951783741421 0.07604998852066443 0.11240170620086899 
# means:
28.125415433950803
-0.08318733828600428
0.0009901382901939544
27.548822979682424
26.603235152976474
28.015699236534676


# run 19:
# covariance matrix:
cov =  0.020319261164752148 -5.914857888339971e-05 -3.432276714606268e-05 0.025531974567848285 -0.02703200911173671 -0.029735844333646778
-5.914857888339971e-05 2.416433424864127e-07 -2.1636421942821075e-08 -8.265879959127705e-05 9.58685664103513e-05 0.0001017575356474906
-3.432276714606268e-05 -2.1636421942821075e-08 3.084700188333153e-07 -5.351665141400892e-06 -1.0656967315915311e-05 4.812113294634809e-07
0.025531974567848285 -8.265879959127705e-05 -5.351665141400892e-06 0.3485984292705129 -0.1855336298106226 -0.20230972022494434
-0.02703200911173671 9.58685664103513e-05 -1.0656967315915311e-05 -0.1855336298106226 0.1484047470892148 0.11366215182949761
-0.029735844333646778 0.0001017575356474906 4.812113294634809e-07 -0.20230972022494434 0.11366215182949761 0.17722563020063323 
# means:
25.303255248010544
-0.07440076585640365
0.00095031335585224
19.834040345675696
26.51861009410434
28.294691177016947


# run 20:
# covariance matrix:
cov =  0.013535032515930504 -3.5839635242831096e-05 -3.417548957281024e-05 0.04322458031178609 -0.008504481233978577 -0.008698127401868077
-3.5839635242831096e-05 1.5912612543095577e-07 -1.6714386863666888e-08 -0.00016148146932432885 3.262252709537572e-05 3.359467555239044e-05
-3.417548957281024e-05 -1.6714386863666888e-08 2.944542446590963e-07 2.5927911495894917e-05 -6.761973777175056e-06 -6.604314295735661e-06
0.04322458031178609 -0.00016148146932432885 2.5927911495894917e-05 2.841575359967736 -0.37575035317471334 -0.327754425515528
-0.008504481233978577 3.262252709537572e-05 -6.761973777175056e-06 -0.37575035317471334 0.06096261296732708 0.041817543946438704
-0.008698127401868077 3.359467555239044e-05 -6.604314295735661e-06 -0.327754425515528 0.041817543946438704 0.054781057485492037 
# means:
24.197603076537867
-0.07082303892300436
-0.0006145145037985971
42.91175975074468
18.76644448164595
19.853804884512837


# run 21:
# covariance matrix:
cov =  0.014053692574354569 -3.8705118748731696e-05 -3.1003509216488963e-05 0.024795527576678505 -0.020547597758253437 -0.022023395703367456
-3.8705118748731696e-05 1.6677652094639686e-07 -1.6169076080028025e-08 -8.57130272248394e-05 7.542179650980819e-05 7.92236719006217e-05
-3.1003509216488963e-05 -1.6169076080028025e-08 2.704368450642969e-07 3.8855419179964765e-06 -1.2007533204214678e-05 -6.673378081789748e-06
0.024795527576678505 -8.57130272248394e-05 3.8855419179964765e-06 0.608108993757841 -0.29761488859058216 -0.2889881438265254
-0.020547597758253437 7.542179650980819e-05 -1.2007533204214678e-05 -0.29761488859058216 0.19649264191580731 0.1408759098988414
-0.022023395703367456 7.92236719006217e-05 -6.673378081789748e-06 -0.2889881438265254 0.1408759098988414 0.2047762561853374 
# means:
21.130848416544644
-0.05969634756372692
-0.000549008999121208
16.843153887496214
22.50854229078021
24.13000060801242


# run 22:
# covariance matrix:
cov =  0.013953197589386108 -3.9068356871971325e-05 -2.7900929738589567e-05 0.01507244708163769 0.03424848607731999 -0.040930496648086984
-3.9068356871971325e-05 1.6300468005533505e-07 -1.3168434478672356e-08 -4.7998931418257284e-05 -0.00012108549084095407 0.00013813500255390005
-2.7900929738589567e-05 -1.3168434478672356e-08 2.40256659325025e-07 -5.077077405877227e-06 1.2513354791729462e-05 4.789586120075738e-06
0.01507244708163769 -4.7998931418257284e-05 -5.077077405877227e-06 0.21732912923277975 0.23833054987629526 -0.2891155336249561
0.03424848607731999 -0.00012108549084095407 1.2513354791729462e-05 0.23833054987629526 0.40212960893401023 -0.33018464736253217
-0.040930496648086984 0.00013813500255390005 4.789586120075738e-06 -0.2891155336249561 -0.33018464736253217 0.5832193345465579 
# means:
18.91568672327407
-0.05249811843843391
-0.0013681191387647476
9.079707052278483
-24.620729206361514
28.776181536968885


# run 24:
# covariance matrix:
cov =  0.008453649458653557 -2.108014561810043e-05 -2.4976629024353454e-05 0.03161517330002688 0.009208796640313101 -0.010125541313853665
-2.108014561810043e-05 9.647596421287304e-08 -7.798495081355622e-09 -0.00011711658154594352 -3.502258775504676e-05 3.926899921143828e-05
-2.4976629024353454e-05 -7.798495081355622e-09 2.053257594466778e-07 1.8154151912616007e-05 6.949271664121293e-06 -8.592268872687471e-06
0.03161517330002688 -0.00011711658154594352 1.8154151912616007e-05 3.4189729548160064 0.6865117186832004 -0.6875936853174354
0.009208796640313101 -3.502258775504676e-05 6.949271664121293e-06 0.6865117186832004 0.1656237327178806 -0.13341588429688953
-0.010125541313853665 3.926899921143828e-05 -8.592268872687471e-06 -0.6875936853174354 -0.13341588429688953 0.18409955186218846 
# means:
16.16116037431593
-0.043061342848208964
-0.0031638235185609013
21.466545310679834
-15.894397192323517
18.21038236404859


